0 0.09444 0.08009 0.05208 0.05208
0 0.22769 0.12962 0.05208 0.05208
0 0.37274 0.08245 0.05208 0.05208
0 0.08736 0.32419 0.05208 0.05208
0 0.04137 0.28292 0.05208 0.05208
0 0.05081 0.45509 0.05208 0.05208
0 0.37392 0.59896 0.05208 0.05208
0 0.43878 0.41971 0.05208 0.05208
0 0.37510 0.37254 0.05208 0.05208
0 0.28194 0.32891 0.05208 0.05208
0 0.25010 0.28528 0.05208 0.05208
0 0.31496 0.15320 0.05208 0.05208
0 0.76779 0.04353 0.05208 0.05208
0 0.75835 0.73339 0.05208 0.05208
0 0.70882 0.84306 0.05208 0.05208
0 0.83029 0.82066 0.05208 0.05208
0 0.77250 0.79235 0.05208 0.05208
0 0.17345 0.86311 0.05208 0.05208
0 0.21826 0.79000 0.05208 0.05208
0 0.39632 0.81712 0.05208 0.05208
0 0.42227 0.69684 0.05208 0.05208
0 0.55199 0.65438 0.05208 0.05208
0 0.61331 0.81004 0.05208 0.05208
0 0.07793 0.86783 0.05208 0.05208
0 0.82085 0.44448 0.05208 0.05208
0 0.86920 0.32891 0.05208 0.05208
0 0.50482 0.14141 0.05208 0.05208
0 0.60741 0.08717 0.05208 0.05208
0 0.12746 0.17915 0.05208 0.05208
0 0.15340 0.57655 0.05208 0.05208
0 0.12982 0.50816 0.05208 0.05208
0 0.64986 0.56712 0.05208 0.05208
0 0.37274 0.46688 0.05208 0.05208
0 0.10741 0.69566 0.05208 0.05208
0 0.32911 0.38905 0.05208 0.05208
