0 0.11684 0.26523 0.05208 0.05208
0 0.20293 0.19330 0.05208 0.05208
0 0.25010 0.21924 0.05208 0.05208
0 0.30316 0.22632 0.05208 0.05208
0 0.44114 0.20509 0.05208 0.05208
0 0.33265 0.28410 0.05208 0.05208
0 0.39161 0.37136 0.05208 0.05208
0 0.29609 0.56122 0.05208 0.05208
0 0.40104 0.52938 0.05208 0.05208
0 0.21354 0.57891 0.05208 0.05208
0 0.54609 0.68386 0.05208 0.05208
0 0.65930 0.51287 0.05208 0.05208
0 0.05434 0.73221 0.05208 0.05208
0 0.62038 0.78764 0.05208 0.05208
0 0.95057 0.86311 0.05208 0.05208
0 0.93996 0.50934 0.05208 0.05208
0 0.49184 0.06830 0.05208 0.05208
0 0.21000 0.06594 0.05208 0.05208
0 0.45057 0.39967 0.05208 0.05208
0 0.12746 0.47160 0.05208 0.05208
0 0.48949 0.84424 0.05208 0.05208
0 0.43170 0.89613 0.05208 0.05208
0 0.43878 0.94566 0.05208 0.05208
0 0.52015 0.94684 0.05208 0.05208
0 0.83500 0.91971 0.05208 0.05208
0 0.87392 0.95863 0.05208 0.05208
0 0.69939 0.29707 0.05208 0.05208
0 0.89750 0.22985 0.05208 0.05208
0 0.75835 0.68622 0.05208 0.05208
0 0.59915 0.59896 0.05208 0.05208
