0 0.46708 0.14495 0.05208 0.05208
0 0.70529 0.10839 0.05208 0.05208
0 0.95293 0.18740 0.05208 0.05208
0 0.90576 0.34660 0.05208 0.05208
0 0.83618 0.33952 0.05208 0.05208
0 0.68642 0.48103 0.05208 0.05208
0 0.46708 0.51287 0.05208 0.05208
0 0.51661 0.45863 0.05208 0.05208
0 0.20647 0.32419 0.05208 0.05208
0 0.36802 0.26523 0.05208 0.05208
0 0.43878 0.23575 0.05208 0.05208
0 0.23949 0.21688 0.05208 0.05208
0 0.08382 0.07891 0.05208 0.05208
0 0.20293 0.15085 0.05208 0.05208
0 0.23359 0.63198 0.05208 0.05208
0 0.35387 0.65556 0.05208 0.05208
0 0.71944 0.91618 0.05208 0.05208
0 0.79845 0.83835 0.05208 0.05208
0 0.49184 0.86783 0.05208 0.05208
0 0.26897 0.95273 0.05208 0.05208
0 0.21826 0.89613 0.05208 0.05208
0 0.59680 0.80179 0.05208 0.05208
0 0.60505 0.54943 0.05208 0.05208
0 0.58500 0.61193 0.05208 0.05208
0 0.54609 0.24518 0.05208 0.05208
0 0.18996 0.44801 0.05208 0.05208
0 0.04609 0.58952 0.05208 0.05208
0 0.14750 0.09660 0.05208 0.05208
