0 0.32793 0.36311 0.05208 0.05208
0 0.62982 0.37136 0.05208 0.05208
0 0.69821 0.18740 0.05208 0.05208
0 0.79845 0.18151 0.05208 0.05208
0 0.62510 0.65320 0.05208 0.05208
0 0.44703 0.69330 0.05208 0.05208
0 0.43760 0.62962 0.05208 0.05208
0 0.42816 0.57773 0.05208 0.05208
0 0.49302 0.62844 0.05208 0.05208
0 0.52840 0.55886 0.05208 0.05208
0 0.16873 0.62844 0.05208 0.05208
0 0.04609 0.70391 0.05208 0.05208
0 0.24066 0.95745 0.05208 0.05208
0 0.80434 0.84542 0.05208 0.05208
0 0.84680 0.81240 0.05208 0.05208
0 0.75010 0.74283 0.05208 0.05208
0 0.34326 0.16971 0.05208 0.05208
0 0.89397 0.06240 0.05208 0.05208
0 0.18052 0.48575 0.05208 0.05208
0 0.20293 0.42915 0.05208 0.05208
0 0.09915 0.28174 0.05208 0.05208
0 0.51661 0.87726 0.05208 0.05208
0 0.08029 0.58717 0.05208 0.05208
