0 0.21590 0.12962 0.05208 0.05208
0 0.27368 0.07419 0.05208 0.05208
0 0.50599 0.18976 0.05208 0.05208
0 0.58029 0.24518 0.05208 0.05208
0 0.41048 0.29118 0.05208 0.05208
0 0.50364 0.40320 0.05208 0.05208
0 0.47769 0.31004 0.05208 0.05208
0 0.42699 0.58599 0.05208 0.05208
0 0.23477 0.65438 0.05208 0.05208
0 0.57675 0.83599 0.05208 0.05208
0 0.81496 0.86547 0.05208 0.05208
0 0.95529 0.40438 0.05208 0.05208
0 0.92581 0.45745 0.05208 0.05208
0 0.23713 0.40556 0.05208 0.05208
0 0.31496 0.40320 0.05208 0.05208
0 0.07675 0.64023 0.05208 0.05208
0 0.34680 0.77585 0.05208 0.05208
0 0.42463 0.64849 0.05208 0.05208
0 0.54727 0.33363 0.05208 0.05208
