0 0.17463 0.30415 0.05208 0.05208
0 0.12864 0.36193 0.05208 0.05208
0 0.04845 0.14023 0.05208 0.05208
0 0.11095 0.11429 0.05208 0.05208
0 0.29019 0.06122 0.05208 0.05208
0 0.46118 0.31358 0.05208 0.05208
0 0.46590 0.48103 0.05208 0.05208
0 0.29845 0.63905 0.05208 0.05208
0 0.10387 0.70273 0.05208 0.05208
0 0.17109 0.71099 0.05208 0.05208
0 0.12274 0.74990 0.05208 0.05208
0 0.13217 0.80886 0.05208 0.05208
0 0.15340 0.95037 0.05208 0.05208
0 0.63689 0.90674 0.05208 0.05208
0 0.77722 0.94566 0.05208 0.05208
0 0.79373 0.87136 0.05208 0.05208
0 0.89986 0.87018 0.05208 0.05208
0 0.95765 0.92915 0.05208 0.05208
0 0.88217 0.63198 0.05208 0.05208
0 0.84090 0.54353 0.05208 0.05208
0 0.80199 0.62962 0.05208 0.05208
0 0.87628 0.72042 0.05208 0.05208
0 0.92463 0.37608 0.05208 0.05208
0 0.73949 0.33127 0.05208 0.05208
0 0.19349 0.49754 0.05208 0.05208
0 0.76425 0.07537 0.05208 0.05208
0 0.68996 0.07066 0.05208 0.05208
0 0.54137 0.04943 0.05208 0.05208
0 0.52486 0.76523 0.05208 0.05208
0 0.44821 0.82184 0.05208 0.05208
0 0.36213 0.87136 0.05208 0.05208
