0 0.10033 0.29589 0.05208 0.05208
0 0.16283 0.24636 0.05208 0.05208
0 0.30434 0.04353 0.05208 0.05208
0 0.21236 0.26641 0.05208 0.05208
0 0.25599 0.19212 0.05208 0.05208
0 0.83736 0.13198 0.05208 0.05208
0 0.88689 0.39495 0.05208 0.05208
0 0.76897 0.50462 0.05208 0.05208
0 0.81849 0.64023 0.05208 0.05208
0 0.85977 0.62490 0.05208 0.05208
0 0.71944 0.61429 0.05208 0.05208
0 0.51307 0.57537 0.05208 0.05208
0 0.37156 0.53410 0.05208 0.05208
0 0.12038 0.85721 0.05208 0.05208
0 0.17699 0.84306 0.05208 0.05208
0 0.12392 0.75816 0.05208 0.05208
0 0.48713 0.76405 0.05208 0.05208
0 0.38335 0.82537 0.05208 0.05208
0 0.48005 0.93622 0.05208 0.05208
0 0.93052 0.87608 0.05208 0.05208
0 0.95411 0.95273 0.05208 0.05208
0 0.86920 0.76759 0.05208 0.05208
0 0.46590 0.36075 0.05208 0.05208
0 0.68524 0.04118 0.05208 0.05208
0 0.10859 0.48221 0.05208 0.05208
0 0.20529 0.94448 0.05208 0.05208
0 0.69703 0.29707 0.05208 0.05208
0 0.76897 0.41264 0.05208 0.05208
0 0.59090 0.64377 0.05208 0.05208
0 0.79373 0.94566 0.05208 0.05208
0 0.10505 0.14023 0.05208 0.05208
0 0.30081 0.39377 0.05208 0.05208
0 0.62156 0.87608 0.05208 0.05208
