0 0.51425 0.17325 0.05208 0.05208
0 0.93052 0.16735 0.05208 0.05208
0 0.60623 0.40556 0.05208 0.05208
0 0.41755 0.47750 0.05208 0.05208
0 0.47062 0.57301 0.05208 0.05208
0 0.57793 0.62372 0.05208 0.05208
0 0.41519 0.62372 0.05208 0.05208
0 0.34798 0.58952 0.05208 0.05208
0 0.25364 0.58835 0.05208 0.05208
0 0.35741 0.68033 0.05208 0.05208
0 0.65340 0.78764 0.05208 0.05208
0 0.60033 0.77113 0.05208 0.05208
0 0.83618 0.75934 0.05208 0.05208
0 0.90812 0.67207 0.05208 0.05208
0 0.87864 0.23339 0.05208 0.05208
0 0.87038 0.13905 0.05208 0.05208
0 0.77486 0.08127 0.05208 0.05208
0 0.81732 0.16500 0.05208 0.05208
0 0.66283 0.15910 0.05208 0.05208
0 0.73241 0.15910 0.05208 0.05208
0 0.70647 0.11901 0.05208 0.05208
0 0.22062 0.78292 0.05208 0.05208
0 0.29373 0.86075 0.05208 0.05208
0 0.35859 0.91971 0.05208 0.05208
0 0.29137 0.92679 0.05208 0.05208
0 0.04137 0.89613 0.05208 0.05208
0 0.73713 0.78410 0.05208 0.05208
0 0.06260 0.21688 0.05208 0.05208
