0 0.24656 0.31240 0.05208 0.05208
0 0.25835 0.25698 0.05208 0.05208
0 0.26661 0.40674 0.05208 0.05208
0 0.19349 0.36783 0.05208 0.05208
0 0.04019 0.47396 0.05208 0.05208
0 0.08854 0.44684 0.05208 0.05208
0 0.09090 0.62018 0.05208 0.05208
0 0.08382 0.71217 0.05208 0.05208
0 0.16991 0.69094 0.05208 0.05208
0 0.30906 0.65085 0.05208 0.05208
0 0.39043 0.63905 0.05208 0.05208
0 0.48949 0.51287 0.05208 0.05208
0 0.68878 0.54943 0.05208 0.05208
0 0.58147 0.50344 0.05208 0.05208
0 0.59915 0.38787 0.05208 0.05208
0 0.83854 0.56712 0.05208 0.05208
0 0.67345 0.74401 0.05208 0.05208
0 0.71236 0.69919 0.05208 0.05208
0 0.50717 0.82066 0.05208 0.05208
0 0.36213 0.81240 0.05208 0.05208
0 0.21354 0.76287 0.05208 0.05208
0 0.92934 0.85485 0.05208 0.05208
0 0.18878 0.24518 0.05208 0.05208
0 0.26307 0.06240 0.05208 0.05208
0 0.53312 0.11193 0.05208 0.05208
0 0.64868 0.07066 0.05208 0.05208
0 0.95293 0.22042 0.05208 0.05208
0 0.88807 0.33835 0.05208 0.05208
0 0.51189 0.70273 0.05208 0.05208
0 0.21118 0.96688 0.05208 0.05208
0 0.41165 0.96335 0.05208 0.05208
0 0.70293 0.90674 0.05208 0.05208
