0 0.05434 0.10132 0.05208 0.05208
0 0.03783 0.20037 0.05208 0.05208
0 0.19703 0.18976 0.05208 0.05208
0 0.27250 0.22632 0.05208 0.05208
0 0.24892 0.17207 0.05208 0.05208
0 0.47415 0.07655 0.05208 0.05208
0 0.54019 0.14731 0.05208 0.05208
0 0.65340 0.11429 0.05208 0.05208
0 0.68996 0.05533 0.05208 0.05208
0 0.75246 0.08127 0.05208 0.05208
0 0.87274 0.08952 0.05208 0.05208
0 0.63099 0.25344 0.05208 0.05208
0 0.65576 0.34778 0.05208 0.05208
0 0.54137 0.33835 0.05208 0.05208
0 0.44939 0.38551 0.05208 0.05208
0 0.28194 0.40085 0.05208 0.05208
0 0.11684 0.48103 0.05208 0.05208
0 0.28312 0.74165 0.05208 0.05208
0 0.29609 0.61193 0.05208 0.05208
0 0.24066 0.60368 0.05208 0.05208
0 0.12274 0.60368 0.05208 0.05208
0 0.24774 0.83009 0.05208 0.05208
0 0.17227 0.92797 0.05208 0.05208
0 0.06732 0.91146 0.05208 0.05208
0 0.82085 0.71452 0.05208 0.05208
0 0.86095 0.53292 0.05208 0.05208
0 0.95057 0.60132 0.05208 0.05208
0 0.75717 0.65085 0.05208 0.05208
0 0.69232 0.56948 0.05208 0.05208
0 0.61802 0.51759 0.05208 0.05208
0 0.59326 0.47632 0.05208 0.05208
0 0.71236 0.49518 0.05208 0.05208
0 0.84680 0.41500 0.05208 0.05208
0 0.85505 0.27585 0.05208 0.05208
0 0.48123 0.24165 0.05208 0.05208
0 0.47533 0.53646 0.05208 0.05208
0 0.51189 0.69684 0.05208 0.05208
0 0.56024 0.67679 0.05208 0.05208
0 0.56967 0.72750 0.05208 0.05208
0 0.40694 0.75698 0.05208 0.05208
0 0.69585 0.75108 0.05208 0.05208
0 0.26661 0.27467 0.05208 0.05208
0 0.31614 0.26759 0.05208 0.05208
0 0.34326 0.94212 0.05208 0.05208
